   1.0000000e+00   3.1100000e+02   3.4000000e+02   3.8600000e+02   4.0900000e+02
   1.0000000e+00   1.6900000e+02   1.9000000e+02   2.7300000e+02   2.9900000e+02
   2.0000000e+00   1.9200000e+02   2.1300000e+02   2.7600000e+02   2.9600000e+02
   2.0000000e+00   3.3200000e+02   3.6100000e+02   3.8300000e+02   4.0900000e+02
   3.0000000e+00   5.2000000e+02   5.4900000e+02   3.9300000e+02   4.1900000e+02
   3.0000000e+00   3.7600000e+02   3.9700000e+02   2.8500000e+02   3.0700000e+02
   3.0000000e+00   1.2400000e+02   1.3700000e+02   3.2200000e+02   3.4100000e+02
   4.0000000e+00   5.4300000e+02   5.7900000e+02   3.9400000e+02   4.2000000e+02
   4.0000000e+00   3.9300000e+02   4.1800000e+02   2.8200000e+02   3.0600000e+02
   4.0000000e+00   1.3400000e+02   1.6300000e+02   3.1300000e+02   3.4700000e+02
   5.0000000e+00   4.1400000e+02   4.4100000e+02   2.8400000e+02   3.0900000e+02
   5.0000000e+00   5.7000000e+02   5.9200000e+02   3.9800000e+02   4.2300000e+02
   5.0000000e+00   1.5900000e+02   1.8100000e+02   3.1800000e+02   3.4200000e+02
   6.0000000e+00   4.3200000e+02   4.6100000e+02   2.8400000e+02   3.1600000e+02
   6.0000000e+00   1.8000000e+02   2.0600000e+02   3.1800000e+02   3.5000000e+02
   7.0000000e+00   1.9800000e+02   2.2600000e+02   3.1500000e+02   3.4500000e+02
   7.0000000e+00   4.4800000e+02   4.7900000e+02   2.8400000e+02   3.1900000e+02
   8.0000000e+00   4.7600000e+02   5.0200000e+02   2.8700000e+02   3.1100000e+02
   8.0000000e+00   2.1300000e+02   2.4200000e+02   3.1700000e+02   3.4100000e+02
   9.0000000e+00   4.9700000e+02   5.1800000e+02   2.9100000e+02   3.1300000e+02
   9.0000000e+00   2.4100000e+02   2.6800000e+02   3.2300000e+02   3.4300000e+02
   1.0000000e+01   5.1800000e+02   5.4500000e+02   2.9000000e+02   3.1600000e+02
   1.0000000e+01   2.6500000e+02   2.8500000e+02   3.2400000e+02   3.4400000e+02
   1.1000000e+01   5.3700000e+02   5.6700000e+02   2.8900000e+02   3.2000000e+02
   1.1000000e+01   2.8800000e+02   3.1100000e+02   3.2400000e+02   3.4800000e+02
   1.2000000e+01   5.5400000e+02   5.8700000e+02   2.9000000e+02   3.2200000e+02
   1.2000000e+01   3.0600000e+02   3.2900000e+02   3.1800000e+02   3.5100000e+02
   1.3000000e+01   2.0800000e+02   2.3700000e+02   2.7700000e+02   3.0300000e+02
   1.3000000e+01   3.5800000e+02   3.8600000e+02   3.8600000e+02   4.1700000e+02
   1.4000000e+01   3.2200000e+02   3.4900000e+02   3.2300000e+02   3.4500000e+02
   1.5000000e+01   3.4000000e+02   3.7300000e+02   3.2500000e+02   3.4900000e+02
   1.6000000e+01   3.6400000e+02   3.8900000e+02   3.2600000e+02   3.5200000e+02
   1.7000000e+01   3.8100000e+02   4.1700000e+02   3.2700000e+02   3.5800000e+02
   1.8000000e+01   4.0200000e+02   4.3600000e+02   3.2900000e+02   3.6000000e+02
   1.9000000e+01   4.1700000e+02   4.5000000e+02   3.2200000e+02   3.5700000e+02
   2.0000000e+01   4.4400000e+02   4.7300000e+02   3.2500000e+02   3.4800000e+02
   2.1000000e+01   4.6300000e+02   4.9500000e+02   3.2800000e+02   3.5100000e+02
   2.2000000e+01   4.8500000e+02   5.1200000e+02   3.3000000e+02   3.5400000e+02
   2.3000000e+01   5.0400000e+02   5.3500000e+02   3.3500000e+02   3.5700000e+02
   2.4000000e+01   3.7900000e+02   4.0400000e+02   3.8600000e+02   4.1100000e+02
   2.4000000e+01   2.3300000e+02   2.5900000e+02   2.7500000e+02   3.0000000e+02
   2.5000000e+01   5.2500000e+02   5.5100000e+02   3.3500000e+02   3.5800000e+02
   2.6000000e+01   2.5400000e+02   2.7500000e+02   2.7800000e+02   3.0200000e+02
   2.6000000e+01   3.9600000e+02   4.2800000e+02   3.8500000e+02   4.0900000e+02
   2.7000000e+01   4.1600000e+02   4.4300000e+02   3.8500000e+02   4.1200000e+02
   2.7000000e+01   2.6800000e+02   2.9800000e+02   2.8200000e+02   3.1400000e+02
   2.8000000e+01   2.9100000e+02   3.1900000e+02   2.8200000e+02   3.0400000e+02
   2.8000000e+01   4.3600000e+02   4.7400000e+02   3.8900000e+02   4.1400000e+02
   2.9000000e+01   4.5900000e+02   4.8700000e+02   3.9200000e+02   4.1700000e+02
   2.9000000e+01   3.1700000e+02   3.3600000e+02   2.8200000e+02   3.0300000e+02
   3.0000000e+01   3.3400000e+02   3.5600000e+02   2.8100000e+02   3.0400000e+02
   3.0000000e+01   4.7700000e+02   5.0800000e+02   3.8900000e+02   4.2300000e+02
   3.1000000e+01   5.0300000e+02   5.2900000e+02   3.9600000e+02   4.1900000e+02
   3.1000000e+01   3.5300000e+02   3.7900000e+02   2.8300000e+02   3.1100000e+02
