   1.3000000e+01   4.5200000e+02   4.9100000e+02   5.2700000e+02   5.5200000e+02
   1.4000000e+01   4.5500000e+02   4.9200000e+02   5.1900000e+02   5.4600000e+02
   1.5000000e+01   4.5300000e+02   4.9300000e+02   5.2100000e+02   5.4700000e+02
   1.6000000e+01   4.5400000e+02   4.8900000e+02   5.1800000e+02   5.3900000e+02
   1.7000000e+01   4.4900000e+02   4.8900000e+02   5.1900000e+02   5.4200000e+02
   1.8000000e+01   4.4700000e+02   4.8900000e+02   5.1100000e+02   5.3800000e+02
   1.9000000e+01   4.4500000e+02   4.9000000e+02   5.0100000e+02   5.3000000e+02
   2.0000000e+01   4.4900000e+02   4.9300000e+02   5.0600000e+02   5.3300000e+02
   2.1000000e+01   4.4700000e+02   4.8900000e+02   5.0100000e+02   5.3500000e+02
   2.2000000e+01   4.4000000e+02   4.9300000e+02   5.0000000e+02   5.3200000e+02
   2.3000000e+01   4.3600000e+02   4.9000000e+02   4.8600000e+02   5.2300000e+02
   2.4000000e+01   4.4000000e+02   4.8900000e+02   4.8600000e+02   5.2500000e+02
   2.5000000e+01   4.4000000e+02   4.8600000e+02   4.8200000e+02   5.1800000e+02
   2.6000000e+01   4.4300000e+02   4.8200000e+02   4.8800000e+02   5.2100000e+02
   2.7000000e+01   4.3600000e+02   4.8800000e+02   4.8200000e+02   5.2000000e+02
   2.8000000e+01   4.3900000e+02   4.8600000e+02   4.7700000e+02   5.1400000e+02
   2.9000000e+01   4.3400000e+02   4.8500000e+02   4.7500000e+02   5.1300000e+02
   3.0000000e+01   4.3700000e+02   4.8500000e+02   4.7200000e+02   5.0800000e+02
   3.1000000e+01   4.3500000e+02   4.8300000e+02   4.6900000e+02   5.0300000e+02
   3.2000000e+01   4.3700000e+02   4.8700000e+02   4.6700000e+02   4.9700000e+02
   3.3000000e+01   4.3600000e+02   4.8400000e+02   4.6300000e+02   4.9600000e+02
   3.4000000e+01   4.3200000e+02   4.8400000e+02   4.5800000e+02   4.9400000e+02
   3.5000000e+01   4.3300000e+02   4.8400000e+02   4.5400000e+02   4.9100000e+02
   3.6000000e+01   4.3000000e+02   4.8200000e+02   4.5100000e+02   4.8700000e+02
   3.7000000e+01   4.3000000e+02   4.8000000e+02   4.5100000e+02   4.8600000e+02
