   1.0000000e+00   2.2200000e+02   2.4900000e+02   1.7200000e+02   2.0000000e+02
   1.0000000e+00   2.0300000e+02   2.2900000e+02   2.4000000e+02   2.6500000e+02
   1.0000000e+00   2.5500000e+02   2.8200000e+02   3.8600000e+02   4.1600000e+02
   2.0000000e+00   2.8800000e+02   3.1300000e+02   2.7200000e+02   2.9700000e+02
   2.0000000e+00   2.6500000e+02   2.9000000e+02   4.1700000e+02   4.4400000e+02
   4.0000000e+00   5.4400000e+02   5.7200000e+02   1.4300000e+02   1.6800000e+02
   4.0000000e+00   5.5500000e+02   5.8000000e+02   2.5800000e+02   2.8200000e+02
   5.0000000e+00   3.5700000e+02   3.8400000e+02   1.2600000e+02   1.4900000e+02
   5.0000000e+00   4.7600000e+02   5.0400000e+02   2.2700000e+02   2.5200000e+02
   5.0000000e+00   4.8200000e+02   5.0900000e+02   3.9400000e+02   4.2400000e+02
   6.0000000e+00   1.8900000e+02   2.1500000e+02   1.3500000e+02   1.5800000e+02
   6.0000000e+00   3.1800000e+02   3.4400000e+02   2.1600000e+02   2.3900000e+02
   7.0000000e+00   1.9200000e+02   2.2400000e+02   1.6500000e+02   1.9300000e+02
   7.0000000e+00   2.0700000e+02   2.3200000e+02   2.3500000e+02   2.5900000e+02
   7.0000000e+00   2.7400000e+02   2.9600000e+02   3.8500000e+02   4.1000000e+02
   8.0000000e+00   3.8600000e+02   4.1300000e+02   1.9000000e+02   2.1600000e+02
   8.0000000e+00   2.5800000e+02   2.8700000e+02   2.6600000e+02   2.9100000e+02
   9.0000000e+00   5.7400000e+02   5.9600000e+02   1.8200000e+02   2.0700000e+02
   1.0000000e+01   5.7200000e+02   5.9900000e+02   1.4800000e+02   1.7500000e+02
   1.0000000e+01   5.5000000e+02   5.7700000e+02   2.6400000e+02   2.8700000e+02
   1.0000000e+01   4.7100000e+02   4.9800000e+02   4.2300000e+02   4.4900000e+02
