   5.0000000e+00   3.5500000e+02   3.8400000e+02   5.4500000e+02   5.7100000e+02
   5.0000000e+00   3.1500000e+02   3.3900000e+02   4.9900000e+02   5.2700000e+02
   6.0000000e+00   3.0100000e+02   3.2800000e+02   4.8300000e+02   5.1400000e+02
   6.0000000e+00   2.6700000e+02   2.9800000e+02   4.3300000e+02   4.6600000e+02
   7.0000000e+00   2.4900000e+02   2.8100000e+02   4.2600000e+02   4.5700000e+02
   7.0000000e+00   2.1200000e+02   2.5100000e+02   3.7500000e+02   4.0700000e+02
   8.0000000e+00   2.1100000e+02   2.3500000e+02   3.6500000e+02   3.9400000e+02
   8.0000000e+00   1.7800000e+02   2.0600000e+02   3.1200000e+02   3.4100000e+02
   9.0000000e+00   1.7600000e+02   1.9600000e+02   2.9600000e+02   3.2700000e+02
   9.0000000e+00   1.5100000e+02   1.8000000e+02   2.4600000e+02   2.7100000e+02
   1.0000000e+01   1.4800000e+02   1.6900000e+02   2.2200000e+02   2.5500000e+02
   1.0000000e+01   1.2700000e+02   1.5300000e+02   1.5600000e+02   1.9000000e+02
   1.1000000e+01   1.2100000e+02   1.4500000e+02   1.4200000e+02   1.7600000e+02
   1.1000000e+01   1.1600000e+02   1.3800000e+02   9.0000000e+01   1.1700000e+02
   1.2000000e+01   1.0600000e+02   1.2800000e+02   6.1000000e+01   9.5000000e+01
