   1.0000000e+00   3.0100000e+02   3.2300000e+02   4.0100000e+02   4.2300000e+02
   1.0000000e+00   3.0400000e+02   3.1900000e+02   4.4600000e+02   4.6100000e+02
   1.0000000e+00   3.2300000e+02   3.3900000e+02   4.7000000e+02   4.8900000e+02
   1.0000000e+00   3.1400000e+02   3.3300000e+02   4.3100000e+02   4.6600000e+02
   1.0000000e+00   3.3300000e+02   3.4900000e+02   4.8600000e+02   5.0700000e+02
   2.0000000e+00   3.0100000e+02   3.2300000e+02   4.0100000e+02   4.2300000e+02
   2.0000000e+00   3.0400000e+02   3.1900000e+02   4.4600000e+02   4.6100000e+02
   2.0000000e+00   3.2300000e+02   3.3900000e+02   4.7000000e+02   4.8900000e+02
   2.0000000e+00   3.1400000e+02   3.3300000e+02   4.3100000e+02   4.6600000e+02
   2.0000000e+00   3.3300000e+02   3.4900000e+02   4.8600000e+02   5.0700000e+02
   3.0000000e+00   3.0100000e+02   3.2300000e+02   4.0100000e+02   4.2300000e+02
   3.0000000e+00   3.0400000e+02   3.1900000e+02   4.4600000e+02   4.6100000e+02
   3.0000000e+00   3.2300000e+02   3.3900000e+02   4.7000000e+02   4.8900000e+02
   3.0000000e+00   3.1400000e+02   3.3300000e+02   4.3100000e+02   4.6600000e+02
   3.0000000e+00   3.3300000e+02   3.4900000e+02   4.8600000e+02   5.0700000e+02
   4.0000000e+00   3.0100000e+02   3.2300000e+02   4.0100000e+02   4.2300000e+02
   4.0000000e+00   3.0400000e+02   3.1900000e+02   4.4600000e+02   4.6100000e+02
   4.0000000e+00   3.2300000e+02   3.3900000e+02   4.7000000e+02   4.8900000e+02
   4.0000000e+00   3.1400000e+02   3.3300000e+02   4.3100000e+02   4.6600000e+02
   4.0000000e+00   3.3300000e+02   3.4900000e+02   4.8600000e+02   5.0700000e+02
   5.0000000e+00   3.0100000e+02   3.2300000e+02   4.0100000e+02   4.2300000e+02
   5.0000000e+00   3.0400000e+02   3.1900000e+02   4.4600000e+02   4.6100000e+02
   5.0000000e+00   3.2300000e+02   3.3900000e+02   4.7000000e+02   4.8900000e+02
   5.0000000e+00   3.1400000e+02   3.3300000e+02   4.3100000e+02   4.6600000e+02
   5.0000000e+00   3.3300000e+02   3.4900000e+02   4.8600000e+02   5.0700000e+02
   6.0000000e+00   3.0100000e+02   3.2300000e+02   4.0100000e+02   4.2300000e+02
   6.0000000e+00   3.0400000e+02   3.1900000e+02   4.4600000e+02   4.6100000e+02
   6.0000000e+00   3.2300000e+02   3.3900000e+02   4.7000000e+02   4.8900000e+02
   6.0000000e+00   3.1400000e+02   3.3300000e+02   4.3100000e+02   4.6600000e+02
   6.0000000e+00   3.3300000e+02   3.4900000e+02   4.8600000e+02   5.0700000e+02
   7.0000000e+00   3.0100000e+02   3.2300000e+02   4.0100000e+02   4.2300000e+02
   7.0000000e+00   3.0400000e+02   3.1900000e+02   4.4600000e+02   4.6100000e+02
   7.0000000e+00   3.2300000e+02   3.3900000e+02   4.7000000e+02   4.8900000e+02
   7.0000000e+00   3.1400000e+02   3.3300000e+02   4.3100000e+02   4.6600000e+02
   7.0000000e+00   3.3300000e+02   3.4900000e+02   4.8600000e+02   5.0700000e+02
   8.0000000e+00   3.0100000e+02   3.2300000e+02   4.0100000e+02   4.2300000e+02
   8.0000000e+00   3.0400000e+02   3.1900000e+02   4.4600000e+02   4.6100000e+02
   8.0000000e+00   3.2300000e+02   3.3900000e+02   4.7000000e+02   4.8900000e+02
   8.0000000e+00   3.1400000e+02   3.3300000e+02   4.3100000e+02   4.6600000e+02
   8.0000000e+00   3.3300000e+02   3.4900000e+02   4.8600000e+02   5.0700000e+02
   9.0000000e+00   3.0100000e+02   3.2300000e+02   4.0100000e+02   4.2300000e+02
   9.0000000e+00   3.0400000e+02   3.1900000e+02   4.4600000e+02   4.6100000e+02
   9.0000000e+00   3.2300000e+02   3.3900000e+02   4.7000000e+02   4.8900000e+02
   9.0000000e+00   3.1400000e+02   3.3300000e+02   4.3100000e+02   4.6600000e+02
   9.0000000e+00   3.3300000e+02   3.4900000e+02   4.8600000e+02   5.0700000e+02
   1.0000000e+01   3.0100000e+02   3.2300000e+02   4.0100000e+02   4.2300000e+02
   1.0000000e+01   3.0400000e+02   3.1900000e+02   4.4600000e+02   4.6100000e+02
   1.0000000e+01   3.2300000e+02   3.3900000e+02   4.7000000e+02   4.8900000e+02
   1.0000000e+01   3.1400000e+02   3.3300000e+02   4.3100000e+02   4.6600000e+02
   1.0000000e+01   3.3300000e+02   3.4900000e+02   4.8600000e+02   5.0700000e+02
   1.1000000e+01   3.0100000e+02   3.2300000e+02   4.0100000e+02   4.2300000e+02
   1.1000000e+01   3.0400000e+02   3.1900000e+02   4.4600000e+02   4.6100000e+02
   1.1000000e+01   3.2300000e+02   3.3900000e+02   4.7000000e+02   4.8900000e+02
   1.1000000e+01   3.1400000e+02   3.3300000e+02   4.3100000e+02   4.6600000e+02
   1.1000000e+01   3.3300000e+02   3.4900000e+02   4.8600000e+02   5.0700000e+02
   1.2000000e+01   3.0100000e+02   3.2300000e+02   4.0100000e+02   4.2300000e+02
   1.2000000e+01   3.0400000e+02   3.1900000e+02   4.4600000e+02   4.6100000e+02
   1.2000000e+01   3.2300000e+02   3.3900000e+02   4.7000000e+02   4.8900000e+02
   1.2000000e+01   3.1400000e+02   3.3300000e+02   4.3100000e+02   4.6600000e+02
   1.2000000e+01   3.3300000e+02   3.4900000e+02   4.8600000e+02   5.0700000e+02
   1.3000000e+01   3.0100000e+02   3.2300000e+02   4.0100000e+02   4.2300000e+02
   1.3000000e+01   3.0400000e+02   3.1900000e+02   4.4600000e+02   4.6100000e+02
   1.3000000e+01   3.2300000e+02   3.3900000e+02   4.7000000e+02   4.8900000e+02
   1.3000000e+01   3.1400000e+02   3.3300000e+02   4.3100000e+02   4.6600000e+02
   1.3000000e+01   3.3300000e+02   3.4900000e+02   4.8600000e+02   5.0700000e+02
   1.4000000e+01   3.0100000e+02   3.2300000e+02   4.0100000e+02   4.2300000e+02
   1.4000000e+01   3.0400000e+02   3.1900000e+02   4.4600000e+02   4.6100000e+02
   1.4000000e+01   3.2300000e+02   3.3900000e+02   4.7000000e+02   4.8900000e+02
   1.4000000e+01   3.1400000e+02   3.3300000e+02   4.3100000e+02   4.6600000e+02
   1.4000000e+01   3.3300000e+02   3.4900000e+02   4.8600000e+02   5.0700000e+02
   1.5000000e+01   3.0100000e+02   3.2300000e+02   4.0100000e+02   4.2300000e+02
   1.5000000e+01   3.0400000e+02   3.1900000e+02   4.4600000e+02   4.6100000e+02
   1.5000000e+01   3.2300000e+02   3.3900000e+02   4.7000000e+02   4.8900000e+02
   1.5000000e+01   3.1400000e+02   3.3300000e+02   4.3100000e+02   4.6600000e+02
   1.5000000e+01   3.3300000e+02   3.4900000e+02   4.8600000e+02   5.0700000e+02
   1.6000000e+01   3.0100000e+02   3.2300000e+02   4.0100000e+02   4.2300000e+02
   1.6000000e+01   3.0400000e+02   3.1900000e+02   4.4600000e+02   4.6100000e+02
   1.6000000e+01   3.2300000e+02   3.3900000e+02   4.7000000e+02   4.8900000e+02
   1.6000000e+01   3.1400000e+02   3.3300000e+02   4.3100000e+02   4.6600000e+02
   1.6000000e+01   3.3300000e+02   3.4900000e+02   4.8600000e+02   5.0700000e+02
   1.7000000e+01   3.0100000e+02   3.2300000e+02   4.0100000e+02   4.2300000e+02
   1.7000000e+01   3.0400000e+02   3.1900000e+02   4.4600000e+02   4.6100000e+02
   1.7000000e+01   3.2300000e+02   3.3900000e+02   4.7000000e+02   4.8900000e+02
   1.7000000e+01   3.1400000e+02   3.3300000e+02   4.3100000e+02   4.6600000e+02
   1.7000000e+01   3.3300000e+02   3.4900000e+02   4.8600000e+02   5.0700000e+02
   1.8000000e+01   3.0100000e+02   3.2300000e+02   4.0100000e+02   4.2300000e+02
   1.8000000e+01   3.0400000e+02   3.1900000e+02   4.4600000e+02   4.6100000e+02
   1.8000000e+01   3.2300000e+02   3.3900000e+02   4.7000000e+02   4.8900000e+02
   1.8000000e+01   3.1400000e+02   3.3300000e+02   4.3100000e+02   4.6600000e+02
   1.8000000e+01   3.3300000e+02   3.4900000e+02   4.8600000e+02   5.0700000e+02
   1.9000000e+01   3.0100000e+02   3.2300000e+02   4.0100000e+02   4.2300000e+02
   1.9000000e+01   3.0400000e+02   3.1900000e+02   4.4600000e+02   4.6100000e+02
   1.9000000e+01   3.2300000e+02   3.3900000e+02   4.7000000e+02   4.8900000e+02
   1.9000000e+01   3.1400000e+02   3.3300000e+02   4.3100000e+02   4.6600000e+02
   1.9000000e+01   3.3300000e+02   3.4900000e+02   4.8600000e+02   5.0700000e+02
   2.0000000e+01   3.0100000e+02   3.2300000e+02   4.0100000e+02   4.2300000e+02
   2.0000000e+01   3.0400000e+02   3.1900000e+02   4.4600000e+02   4.6100000e+02
   2.0000000e+01   3.2300000e+02   3.3900000e+02   4.7000000e+02   4.8900000e+02
   2.0000000e+01   3.1400000e+02   3.3300000e+02   4.3100000e+02   4.6600000e+02
   2.0000000e+01   3.3300000e+02   3.4900000e+02   4.8600000e+02   5.0700000e+02
   2.1000000e+01   3.0100000e+02   3.2300000e+02   4.0100000e+02   4.2300000e+02
   2.1000000e+01   3.0400000e+02   3.1900000e+02   4.4600000e+02   4.6100000e+02
   2.1000000e+01   3.2300000e+02   3.3900000e+02   4.7000000e+02   4.8900000e+02
   2.1000000e+01   3.1400000e+02   3.3300000e+02   4.3100000e+02   4.6600000e+02
   2.1000000e+01   3.3300000e+02   3.4900000e+02   4.8600000e+02   5.0700000e+02
   2.2000000e+01   3.0100000e+02   3.2300000e+02   4.0100000e+02   4.2300000e+02
   2.2000000e+01   3.0400000e+02   3.1900000e+02   4.4600000e+02   4.6100000e+02
   2.2000000e+01   3.2300000e+02   3.3900000e+02   4.7000000e+02   4.8900000e+02
   2.2000000e+01   3.1400000e+02   3.3300000e+02   4.3100000e+02   4.6600000e+02
   2.2000000e+01   3.3300000e+02   3.4900000e+02   4.8600000e+02   5.0700000e+02
   2.3000000e+01   3.0100000e+02   3.2300000e+02   4.0100000e+02   4.2300000e+02
   2.3000000e+01   3.0400000e+02   3.1900000e+02   4.4600000e+02   4.6100000e+02
   2.3000000e+01   3.2300000e+02   3.3900000e+02   4.7000000e+02   4.8900000e+02
   2.3000000e+01   3.1400000e+02   3.3300000e+02   4.3100000e+02   4.6600000e+02
   2.3000000e+01   3.3300000e+02   3.4900000e+02   4.8600000e+02   5.0700000e+02
   2.4000000e+01   3.0100000e+02   3.2300000e+02   4.0100000e+02   4.2300000e+02
   2.4000000e+01   3.0400000e+02   3.1900000e+02   4.4600000e+02   4.6100000e+02
   2.4000000e+01   3.2300000e+02   3.3900000e+02   4.7000000e+02   4.8900000e+02
   2.4000000e+01   3.1400000e+02   3.3300000e+02   4.3100000e+02   4.6600000e+02
   2.4000000e+01   3.3300000e+02   3.4900000e+02   4.8600000e+02   5.0700000e+02
   2.5000000e+01   3.0100000e+02   3.2300000e+02   4.0100000e+02   4.2300000e+02
   2.5000000e+01   3.0400000e+02   3.1900000e+02   4.4600000e+02   4.6100000e+02
   2.5000000e+01   3.2300000e+02   3.3900000e+02   4.7000000e+02   4.8900000e+02
   2.5000000e+01   3.1400000e+02   3.3300000e+02   4.3100000e+02   4.6600000e+02
   2.5000000e+01   3.3300000e+02   3.4900000e+02   4.8600000e+02   5.0700000e+02
   2.6000000e+01   3.0100000e+02   3.2300000e+02   4.0100000e+02   4.2300000e+02
   2.6000000e+01   3.0400000e+02   3.1900000e+02   4.4600000e+02   4.6100000e+02
   2.6000000e+01   3.2300000e+02   3.3900000e+02   4.7000000e+02   4.8900000e+02
   2.6000000e+01   3.1400000e+02   3.3300000e+02   4.3100000e+02   4.6600000e+02
   2.6000000e+01   3.3300000e+02   3.4900000e+02   4.8600000e+02   5.0700000e+02
   2.7000000e+01   3.0100000e+02   3.2300000e+02   4.0100000e+02   4.2300000e+02
   2.7000000e+01   3.0400000e+02   3.1900000e+02   4.4600000e+02   4.6100000e+02
   2.7000000e+01   3.2300000e+02   3.3900000e+02   4.7000000e+02   4.8900000e+02
   2.7000000e+01   3.1400000e+02   3.3300000e+02   4.3100000e+02   4.6600000e+02
   2.7000000e+01   3.3300000e+02   3.4900000e+02   4.8600000e+02   5.0700000e+02
   2.8000000e+01   3.0100000e+02   3.2300000e+02   4.0100000e+02   4.2300000e+02
   2.8000000e+01   3.0400000e+02   3.1900000e+02   4.4600000e+02   4.6100000e+02
   2.8000000e+01   3.2300000e+02   3.3900000e+02   4.7000000e+02   4.8900000e+02
   2.8000000e+01   3.1400000e+02   3.3300000e+02   4.3100000e+02   4.6600000e+02
   2.8000000e+01   3.3300000e+02   3.4900000e+02   4.8600000e+02   5.0700000e+02
   2.9000000e+01   3.0100000e+02   3.2300000e+02   4.0100000e+02   4.2300000e+02
   2.9000000e+01   3.0400000e+02   3.1900000e+02   4.4600000e+02   4.6100000e+02
   2.9000000e+01   3.2300000e+02   3.3900000e+02   4.7000000e+02   4.8900000e+02
   2.9000000e+01   3.1400000e+02   3.3300000e+02   4.3100000e+02   4.6600000e+02
   2.9000000e+01   3.3300000e+02   3.4900000e+02   4.8600000e+02   5.0700000e+02
   3.0000000e+01   3.0100000e+02   3.2300000e+02   4.0100000e+02   4.2300000e+02
   3.0000000e+01   3.0400000e+02   3.1900000e+02   4.4600000e+02   4.6100000e+02
   3.0000000e+01   3.2300000e+02   3.3900000e+02   4.7000000e+02   4.8900000e+02
   3.0000000e+01   3.1400000e+02   3.3300000e+02   4.3100000e+02   4.6600000e+02
   3.0000000e+01   3.3300000e+02   3.4900000e+02   4.8600000e+02   5.0700000e+02
   3.1000000e+01   3.0100000e+02   3.2300000e+02   4.0100000e+02   4.2300000e+02
   3.1000000e+01   3.0400000e+02   3.1900000e+02   4.4600000e+02   4.6100000e+02
   3.1000000e+01   3.2300000e+02   3.3900000e+02   4.7000000e+02   4.8900000e+02
   3.1000000e+01   3.1400000e+02   3.3300000e+02   4.3100000e+02   4.6600000e+02
   3.1000000e+01   3.3300000e+02   3.4900000e+02   4.8600000e+02   5.0700000e+02
   3.2000000e+01   3.0100000e+02   3.2300000e+02   4.0100000e+02   4.2300000e+02
   3.2000000e+01   3.0400000e+02   3.1900000e+02   4.4600000e+02   4.6100000e+02
   3.2000000e+01   3.2300000e+02   3.3900000e+02   4.7000000e+02   4.8900000e+02
   3.2000000e+01   3.1400000e+02   3.3300000e+02   4.3100000e+02   4.6600000e+02
   3.2000000e+01   3.3300000e+02   3.4900000e+02   4.8600000e+02   5.0700000e+02
   3.3000000e+01   3.0100000e+02   3.2300000e+02   4.0100000e+02   4.2300000e+02
   3.3000000e+01   3.0400000e+02   3.1900000e+02   4.4600000e+02   4.6100000e+02
   3.3000000e+01   3.2300000e+02   3.3900000e+02   4.7000000e+02   4.8900000e+02
   3.3000000e+01   3.1400000e+02   3.3300000e+02   4.3100000e+02   4.6600000e+02
   3.3000000e+01   3.3300000e+02   3.4900000e+02   4.8600000e+02   5.0700000e+02
   3.4000000e+01   3.0100000e+02   3.2300000e+02   4.0100000e+02   4.2300000e+02
   3.4000000e+01   3.0400000e+02   3.1900000e+02   4.4600000e+02   4.6100000e+02
   3.4000000e+01   3.2300000e+02   3.3900000e+02   4.7000000e+02   4.8900000e+02
   3.4000000e+01   3.1400000e+02   3.3300000e+02   4.3100000e+02   4.6600000e+02
   3.4000000e+01   3.3300000e+02   3.4900000e+02   4.8600000e+02   5.0700000e+02
   3.5000000e+01   3.0100000e+02   3.2300000e+02   4.0100000e+02   4.2300000e+02
   3.5000000e+01   3.0400000e+02   3.1900000e+02   4.4600000e+02   4.6100000e+02
   3.5000000e+01   3.2300000e+02   3.3900000e+02   4.7000000e+02   4.8900000e+02
   3.5000000e+01   3.1400000e+02   3.3300000e+02   4.3100000e+02   4.6600000e+02
   3.5000000e+01   3.3300000e+02   3.4900000e+02   4.8600000e+02   5.0700000e+02
   3.6000000e+01   3.0100000e+02   3.2300000e+02   4.0100000e+02   4.2300000e+02
   3.6000000e+01   3.0400000e+02   3.1900000e+02   4.4600000e+02   4.6100000e+02
   3.6000000e+01   3.2300000e+02   3.3900000e+02   4.7000000e+02   4.8900000e+02
   3.6000000e+01   3.1400000e+02   3.3300000e+02   4.3100000e+02   4.6600000e+02
   3.6000000e+01   3.3300000e+02   3.4900000e+02   4.8600000e+02   5.0700000e+02
   3.7000000e+01   3.0100000e+02   3.2300000e+02   4.0100000e+02   4.2300000e+02
   3.7000000e+01   3.0400000e+02   3.1900000e+02   4.4600000e+02   4.6100000e+02
   3.7000000e+01   3.2300000e+02   3.3900000e+02   4.7000000e+02   4.8900000e+02
   3.7000000e+01   3.1400000e+02   3.3300000e+02   4.3100000e+02   4.6600000e+02
   3.7000000e+01   3.3300000e+02   3.4900000e+02   4.8600000e+02   5.0700000e+02
