   2.0000000e+00   1.6000000e+01   4.6000000e+01   3.3200000e+02   3.5200000e+02
   2.0000000e+00   3.0000000e+00   4.1000000e+01   3.4800000e+02   3.7800000e+02
   3.0000000e+00   1.0500000e+02   1.2800000e+02   3.0700000e+02   3.2500000e+02
   3.0000000e+00   9.2000000e+01   1.2200000e+02   3.2600000e+02   3.5200000e+02
   3.0000000e+00   6.2000000e+01   8.4000000e+01   3.2000000e+02   3.3700000e+02
   3.0000000e+00   1.3000000e+01   3.4000000e+01   3.3700000e+02   3.5200000e+02
   3.0000000e+00   1.3000000e+01   4.0000000e+01   3.5200000e+02   3.7100000e+02
   3.0000000e+00   5.0000000e+00   3.6000000e+01   3.7000000e+02   3.8800000e+02
   4.0000000e+00   1.7200000e+02   2.0000000e+02   3.1200000e+02   3.3300000e+02
   4.0000000e+00   1.9200000e+02   2.1600000e+02   2.9600000e+02   3.1500000e+02
   4.0000000e+00   1.6400000e+02   2.0300000e+02   2.8100000e+02   3.0100000e+02
   4.0000000e+00   1.5100000e+02   1.7800000e+02   3.0000000e+02   3.1800000e+02
   4.0000000e+00   9.3000000e+01   1.2300000e+02   3.0800000e+02   3.6600000e+02
   5.0000000e+00   2.5700000e+02   2.9100000e+02   3.0400000e+02   3.2000000e+02
   5.0000000e+00   2.7700000e+02   2.9900000e+02   2.8700000e+02   3.0300000e+02
   5.0000000e+00   2.3400000e+02   2.5600000e+02   2.9500000e+02   3.0900000e+02
   5.0000000e+00   1.8000000e+02   2.1200000e+02   2.8400000e+02   3.1400000e+02
   5.0000000e+00   1.8400000e+02   2.1100000e+02   3.1100000e+02   3.2900000e+02
   5.0000000e+00   2.3200000e+02   2.9100000e+02   2.7500000e+02   2.9200000e+02
   5.0000000e+00   1.8700000e+02   2.0800000e+02   3.2900000e+02   3.4700000e+02
   6.0000000e+00   3.1400000e+02   3.7100000e+02   2.6500000e+02   2.8800000e+02
   6.0000000e+00   3.1200000e+02   3.3400000e+02   2.8500000e+02   3.0100000e+02
   6.0000000e+00   3.5100000e+02   3.7900000e+02   2.8400000e+02   3.0200000e+02
   6.0000000e+00   3.3600000e+02   3.6500000e+02   3.0000000e+02   3.1600000e+02
   6.0000000e+00   2.6200000e+02   2.9400000e+02   2.6500000e+02   3.0800000e+02
   6.0000000e+00   2.5500000e+02   2.8700000e+02   3.0500000e+02   3.3900000e+02
   7.0000000e+00   3.7200000e+02   4.5200000e+02   2.6100000e+02   2.8800000e+02
   7.0000000e+00   4.3600000e+02   4.6300000e+02   2.8300000e+02   3.0200000e+02
   7.0000000e+00   3.9700000e+02   4.1600000e+02   2.8600000e+02   3.0200000e+02
   7.0000000e+00   4.1500000e+02   4.5400000e+02   3.0000000e+02   3.2600000e+02
   7.0000000e+00   3.4900000e+02   3.7600000e+02   2.7200000e+02   3.0300000e+02
   7.0000000e+00   3.3500000e+02   3.8000000e+02   3.0000000e+02   3.3700000e+02
   8.0000000e+00   4.9400000e+02   5.3700000e+02   3.1000000e+02   3.3300000e+02
   8.0000000e+00   4.6200000e+02   5.5200000e+02   2.6600000e+02   3.1900000e+02
   8.0000000e+00   4.7900000e+02   5.0400000e+02   2.9500000e+02   3.1400000e+02
   8.0000000e+00   4.2900000e+02   4.5700000e+02   2.7400000e+02   3.1400000e+02
   8.0000000e+00   4.1700000e+02   4.5100000e+02   3.1200000e+02   3.4300000e+02
   9.0000000e+00   5.5400000e+02   6.2800000e+02   2.8200000e+02   3.3100000e+02
   9.0000000e+00   5.5200000e+02   5.7900000e+02   3.0800000e+02   3.3200000e+02
   9.0000000e+00   5.7700000e+02   6.1500000e+02   3.2600000e+02   3.4700000e+02
   9.0000000e+00   5.1200000e+02   5.5000000e+02   2.8000000e+02   3.1400000e+02
   9.0000000e+00   4.9600000e+02   5.2900000e+02   3.1500000e+02   3.5200000e+02
   1.0000000e+01   6.2500000e+02   7.1200000e+02   2.9900000e+02   3.3600000e+02
   1.0000000e+01   6.3400000e+02   6.6300000e+02   3.2600000e+02   3.5000000e+02
   1.0000000e+01   6.7400000e+02   7.1300000e+02   3.2900000e+02   3.5100000e+02
   1.0000000e+01   6.5700000e+02   6.9100000e+02   3.4300000e+02   3.7000000e+02
   1.0000000e+01   5.8600000e+02   6.1900000e+02   3.0400000e+02   3.3600000e+02
   1.0000000e+01   5.6500000e+02   6.0200000e+02   3.3000000e+02   3.6300000e+02
   1.1000000e+01   6.7100000e+02   7.0200000e+02   3.1400000e+02   3.5500000e+02
   1.1000000e+01   6.5600000e+02   6.9000000e+02   3.4600000e+02   3.8300000e+02
   1.1000000e+01   6.9600000e+02   7.3500000e+02   3.1700000e+02   3.4000000e+02
   1.1000000e+01   7.3300000e+02   7.6900000e+02   3.3200000e+02   3.6700000e+02
   1.1000000e+01   7.2300000e+02   7.5300000e+02   3.4900000e+02   3.7300000e+02
   1.1000000e+01   7.4300000e+02   7.6800000e+02   3.6600000e+02   3.9700000e+02
   1.2000000e+01   7.4900000e+02   7.6700000e+02   3.7600000e+02   3.9900000e+02
