   2.1000000e+01   2.0900000e+02   2.3100000e+02   2.2800000e+02   2.4500000e+02
   2.2000000e+01   1.2200000e+02   1.4900000e+02   2.3300000e+02   2.5400000e+02
   2.3000000e+01   3.4000000e+01   6.5000000e+01   2.3000000e+02   2.4900000e+02
   2.3000000e+01   1.9600000e+02   2.2000000e+02   2.2700000e+02   2.4400000e+02
   2.4000000e+01   1.1100000e+02   1.3200000e+02   2.3200000e+02   2.5200000e+02
   2.5000000e+01   3.0000000e+01   5.2000000e+01   2.2600000e+02   2.4500000e+02
   2.8000000e+01   2.1000000e+02   2.2600000e+02   1.4400000e+02   1.5800000e+02
   2.9000000e+01   1.3700000e+02   1.5300000e+02   1.5900000e+02   1.7600000e+02
   3.0000000e+01   7.0000000e+01   8.3000000e+01   1.5500000e+02   1.7300000e+02
   3.1000000e+01   3.0000000e+00   1.5000000e+01   1.4300000e+02   1.5900000e+02
   5.2000000e+01   1.7200000e+02   1.8900000e+02   1.5600000e+02   1.7000000e+02
   5.3000000e+01   9.9000000e+01   1.1600000e+02   1.6100000e+02   1.7700000e+02
   5.4000000e+01   3.0000000e+01   4.5000000e+01   1.4800000e+02   1.6600000e+02
