   1.7000000e+01   4.9700000e+02   5.6800000e+02   2.3300000e+02   3.4900000e+02
   1.8000000e+01   4.7700000e+02   5.5000000e+02   2.2000000e+02   3.4100000e+02
   1.9000000e+01   4.5100000e+02   5.3500000e+02   2.1400000e+02   3.3500000e+02
   1.9000000e+01   4.0000000e+00   7.0000000e+01   3.2100000e+02   5.0200000e+02
   2.0000000e+01   4.2500000e+02   5.1100000e+02   2.1500000e+02   3.3700000e+02
   2.0000000e+01   2.0000000e+00   1.3900000e+02   3.1300000e+02   4.9900000e+02
   2.1000000e+01   3.9500000e+02   4.8400000e+02   2.1200000e+02   3.3300000e+02
   2.1000000e+01   4.0000000e+00   1.9200000e+02   3.1700000e+02   5.0100000e+02
   2.2000000e+01   3.6900000e+02   4.6200000e+02   2.1300000e+02   3.2400000e+02
   2.2000000e+01   5.6000000e+01   2.3900000e+02   3.1800000e+02   4.9900000e+02
   2.3000000e+01   3.4200000e+02   4.3500000e+02   2.0800000e+02   3.3000000e+02
   2.3000000e+01   1.0300000e+02   2.8300000e+02   3.1300000e+02   4.9100000e+02
   2.4000000e+01   3.0600000e+02   4.0400000e+02   2.0600000e+02   3.2600000e+02
   2.4000000e+01   1.5900000e+02   3.3200000e+02   3.1000000e+02   4.8800000e+02
   2.5000000e+01   2.7700000e+02   3.7700000e+02   2.0400000e+02   3.2400000e+02
   2.5000000e+01   2.1900000e+02   3.7300000e+02   3.0400000e+02   4.8400000e+02
   2.6000000e+01   2.4300000e+02   3.4800000e+02   2.0000000e+02   3.2000000e+02
   2.6000000e+01   2.6300000e+02   4.1400000e+02   3.0900000e+02   4.7400000e+02
   2.7000000e+01   2.0800000e+02   3.1500000e+02   2.0000000e+02   3.2300000e+02
   2.7000000e+01   3.1000000e+02   4.5000000e+02   3.0500000e+02   4.7400000e+02
   2.8000000e+01   1.7400000e+02   2.9000000e+02   1.9600000e+02   3.1500000e+02
   2.8000000e+01   3.4900000e+02   4.8100000e+02   3.0400000e+02   4.6900000e+02
   2.9000000e+01   1.3600000e+02   2.5100000e+02   1.9400000e+02   3.2400000e+02
   2.9000000e+01   3.9300000e+02   5.1800000e+02   3.0000000e+02   4.6800000e+02
   3.0000000e+01   1.0100000e+02   2.2500000e+02   1.9500000e+02   3.3200000e+02
   3.0000000e+01   4.3700000e+02   5.2700000e+02   2.9700000e+02   4.6300000e+02
   3.1000000e+01   5.7000000e+01   1.8400000e+02   1.9500000e+02   3.2000000e+02
   3.1000000e+01   4.7400000e+02   5.6200000e+02   2.9300000e+02   4.2900000e+02
   3.2000000e+01   1.8000000e+01   1.5100000e+02   1.9000000e+02   3.0900000e+02
   3.3000000e+01   3.0000000e+00   1.1700000e+02   1.8600000e+02   3.0500000e+02
   3.4000000e+01   1.0000000e+00   7.6000000e+01   1.9400000e+02   3.0300000e+02
   3.5000000e+01   1.0000000e+00   3.2000000e+01   1.9100000e+02   3.0700000e+02
