   1.0000000e+00   3.9300000e+02   4.2300000e+02   2.8200000e+02   3.1000000e+02
   1.0000000e+00   2.2900000e+02   2.5400000e+02   4.5500000e+02   4.8300000e+02
   2.0000000e+00   4.2500000e+02   4.4800000e+02   2.8500000e+02   3.0500000e+02
   2.0000000e+00   2.5800000e+02   2.8300000e+02   4.6200000e+02   4.8200000e+02
   2.0000000e+00   1.4000000e+02   1.6500000e+02   2.3200000e+02   2.5700000e+02
   3.0000000e+00   4.5100000e+02   4.7700000e+02   2.8500000e+02   3.0900000e+02
   3.0000000e+00   2.8600000e+02   3.1200000e+02   4.5900000e+02   4.8300000e+02
   3.0000000e+00   1.7200000e+02   1.9400000e+02   2.3400000e+02   2.5600000e+02
   4.0000000e+00   4.8000000e+02   5.0900000e+02   2.8600000e+02   3.1400000e+02
   4.0000000e+00   3.1800000e+02   3.4200000e+02   4.5800000e+02   4.8300000e+02
   4.0000000e+00   2.0300000e+02   2.2600000e+02   2.3500000e+02   2.6000000e+02
   5.0000000e+00   5.1200000e+02   5.3600000e+02   2.8800000e+02   3.1600000e+02
   5.0000000e+00   3.4200000e+02   3.7200000e+02   4.6100000e+02   4.8800000e+02
   5.0000000e+00   2.2900000e+02   2.5400000e+02   2.3600000e+02   2.6000000e+02
   6.0000000e+00   5.4200000e+02   5.6700000e+02   2.9100000e+02   3.1800000e+02
   6.0000000e+00   3.7800000e+02   3.9800000e+02   4.6200000e+02   4.8500000e+02
   6.0000000e+00   2.5600000e+02   2.8400000e+02   2.3600000e+02   2.6200000e+02
   7.0000000e+00   5.7400000e+02   5.8700000e+02   2.9200000e+02   3.1800000e+02
   7.0000000e+00   4.0100000e+02   4.2900000e+02   4.6100000e+02   4.9400000e+02
   7.0000000e+00   2.8700000e+02   3.1300000e+02   2.3700000e+02   2.6200000e+02
   8.0000000e+00   4.3100000e+02   4.5400000e+02   4.6700000e+02   4.9400000e+02
   8.0000000e+00   3.1600000e+02   3.4200000e+02   2.4000000e+02   2.6800000e+02
   9.0000000e+00   4.5800000e+02   4.8100000e+02   4.6900000e+02   4.9400000e+02
   9.0000000e+00   3.4700000e+02   3.7400000e+02   2.4100000e+02   2.6900000e+02
   1.0000000e+01   4.8800000e+02   5.1100000e+02   4.7200000e+02   4.9800000e+02
   1.0000000e+01   3.7300000e+02   3.9900000e+02   2.3900000e+02   2.6700000e+02
