   1.1000000e+01   4.5600000e+02   4.8900000e+02   5.0200000e+02   5.4500000e+02
   1.2000000e+01   4.5900000e+02   4.8900000e+02   4.8300000e+02   5.2400000e+02
   1.3000000e+01   4.6200000e+02   4.9200000e+02   4.6500000e+02   5.0300000e+02
   1.4000000e+01   4.6600000e+02   4.9900000e+02   4.4700000e+02   4.8300000e+02
   1.5000000e+01   4.7200000e+02   5.0500000e+02   4.2900000e+02   4.6300000e+02
   1.6000000e+01   4.7900000e+02   5.1300000e+02   4.1200000e+02   4.4700000e+02
   1.7000000e+01   4.8700000e+02   5.2300000e+02   3.9400000e+02   4.2800000e+02
   1.8000000e+01   4.9900000e+02   5.3500000e+02   3.7600000e+02   4.1100000e+02
   1.9000000e+01   5.1000000e+02   5.4900000e+02   3.6300000e+02   3.9700000e+02
   2.0000000e+01   5.2100000e+02   5.6300000e+02   3.5100000e+02   3.8100000e+02
   2.1000000e+01   5.3600000e+02   5.7700000e+02   3.3900000e+02   3.6600000e+02
   2.2000000e+01   5.4900000e+02   5.9200000e+02   3.2600000e+02   3.5800000e+02
   2.3000000e+01   5.6600000e+02   6.0700000e+02   3.1600000e+02   3.4400000e+02
   2.4000000e+01   5.8400000e+02   6.2600000e+02   3.0500000e+02   3.3500000e+02
   2.5000000e+01   6.0000000e+02   6.4600000e+02   2.9800000e+02   3.2500000e+02
   2.6000000e+01   6.2100000e+02   6.6600000e+02   2.8800000e+02   3.1700000e+02
   2.7000000e+01   6.4100000e+02   6.8800000e+02   2.8500000e+02   3.1500000e+02
   2.8000000e+01   6.6200000e+02   7.0800000e+02   2.7900000e+02   3.1200000e+02
   2.9000000e+01   6.8400000e+02   7.2900000e+02   2.7600000e+02   3.0600000e+02
   3.0000000e+01   7.0400000e+02   7.5300000e+02   2.7500000e+02   3.0800000e+02
   3.1000000e+01   7.2900000e+02   7.6600000e+02   2.7500000e+02   3.0800000e+02
   3.2000000e+01   7.5400000e+02   7.6600000e+02   2.7700000e+02   3.0400000e+02
