   2.2000000e+01   2.7300000e+02   3.5100000e+02   5.3000000e+02   5.7000000e+02
   2.3000000e+01   2.8200000e+02   3.4800000e+02   5.1000000e+02   5.6600000e+02
   2.4000000e+01   2.7100000e+02   3.4500000e+02   4.9000000e+02   5.4800000e+02
   2.5000000e+01   2.7400000e+02   3.4200000e+02   4.6700000e+02   5.2300000e+02
   2.6000000e+01   2.6600000e+02   3.3700000e+02   4.4200000e+02   4.9900000e+02
   2.7000000e+01   2.5800000e+02   3.3100000e+02   4.2200000e+02   4.8000000e+02
   2.8000000e+01   2.4400000e+02   3.2100000e+02   4.0100000e+02   4.5700000e+02
   2.9000000e+01   2.3500000e+02   3.1100000e+02   3.8300000e+02   4.3800000e+02
   3.0000000e+01   2.2100000e+02   3.0000000e+02   3.6100000e+02   4.1900000e+02
   3.1000000e+01   2.0700000e+02   2.8300000e+02   3.4700000e+02   4.0000000e+02
   3.2000000e+01   1.9200000e+02   2.6600000e+02   3.3200000e+02   3.8100000e+02
   3.3000000e+01   1.7400000e+02   2.5300000e+02   3.1200000e+02   3.7000000e+02
   3.4000000e+01   1.5900000e+02   2.3300000e+02   2.9900000e+02   3.5100000e+02
   3.5000000e+01   1.4000000e+02   2.1700000e+02   2.8500000e+02   3.4000000e+02
   3.6000000e+01   1.2000000e+02   1.9300000e+02   2.7300000e+02   3.3000000e+02
   3.7000000e+01   1.0100000e+02   1.7700000e+02   2.6300000e+02   3.1700000e+02
