   1.7000000e+01   4.0000000e+00   1.0200000e+02   3.2800000e+02   4.0100000e+02
   1.8000000e+01   4.0000000e+00   1.7000000e+02   3.2400000e+02   4.0300000e+02
   1.9000000e+01   3.4000000e+01   2.4700000e+02   3.1700000e+02   3.9500000e+02
   2.0000000e+01   1.1500000e+02   3.2400000e+02   3.1500000e+02   3.9600000e+02
   2.1000000e+01   1.8500000e+02   3.7900000e+02   3.0900000e+02   3.8400000e+02
   2.2000000e+01   2.8400000e+02   4.7700000e+02   3.1300000e+02   3.8100000e+02
   2.2000000e+01   3.0000000e+00   2.9000000e+01   3.1900000e+02   3.5500000e+02
   2.3000000e+01   4.0000000e+00   1.1700000e+02   3.1300000e+02   3.8500000e+02
   2.3000000e+01   3.3900000e+02   5.5400000e+02   3.1400000e+02   3.8400000e+02
   2.4000000e+01   3.0000000e+00   1.9400000e+02   3.0500000e+02   3.7200000e+02
   2.4000000e+01   4.0700000e+02   6.3100000e+02   3.0900000e+02   3.9400000e+02
   2.5000000e+01   9.9000000e+01   2.5800000e+02   3.0200000e+02   3.6700000e+02
   2.5000000e+01   5.0200000e+02   7.0900000e+02   3.1100000e+02   3.8500000e+02
   2.6000000e+01   1.9700000e+02   3.4100000e+02   3.0200000e+02   3.6600000e+02
   2.6000000e+01   5.7400000e+02   7.6600000e+02   3.1900000e+02   3.9700000e+02
   2.7000000e+01   2.4900000e+02   4.1700000e+02   2.9600000e+02   3.6500000e+02
   2.7000000e+01   6.4300000e+02   7.6900000e+02   3.2000000e+02   3.9700000e+02
   2.8000000e+01   3.4100000e+02   4.8400000e+02   3.0200000e+02   3.7000000e+02
   2.9000000e+01   4.2000000e+02   5.7300000e+02   3.0400000e+02   3.6500000e+02
   3.0000000e+01   4.8800000e+02   6.4800000e+02   3.1000000e+02   3.7100000e+02
   3.1000000e+01   5.6200000e+02   7.3600000e+02   3.1000000e+02   3.7700000e+02
   3.2000000e+01   6.4300000e+02   7.6800000e+02   3.1000000e+02   3.7300000e+02
   3.3000000e+01   7.2800000e+02   7.6700000e+02   3.2100000e+02   3.6100000e+02
