   2.1000000e+01   4.4600000e+02   4.9200000e+02   4.3000000e+02   4.6200000e+02
   2.2000000e+01   4.4400000e+02   4.8800000e+02   4.3800000e+02   4.6600000e+02
   2.3000000e+01   4.5300000e+02   4.8800000e+02   4.4700000e+02   4.7400000e+02
   2.4000000e+01   4.5100000e+02   4.8400000e+02   4.4000000e+02   4.6400000e+02
   2.5000000e+01   4.5200000e+02   4.9000000e+02   4.4000000e+02   4.6600000e+02
   2.6000000e+01   4.5100000e+02   4.9300000e+02   4.3900000e+02   4.6300000e+02
   2.7000000e+01   4.4900000e+02   4.9400000e+02   4.3400000e+02   4.6000000e+02
   2.8000000e+01   4.4300000e+02   4.8900000e+02   4.2400000e+02   4.5200000e+02
   2.9000000e+01   4.4700000e+02   4.9000000e+02   4.2800000e+02   4.5700000e+02
   3.0000000e+01   4.4800000e+02   4.9300000e+02   4.2600000e+02   4.5000000e+02
   3.1000000e+01   4.4100000e+02   4.9000000e+02   4.2500000e+02   4.5900000e+02
   3.2000000e+01   4.4400000e+02   4.8600000e+02   4.1700000e+02   4.5000000e+02
   3.3000000e+01   4.4400000e+02   4.8700000e+02   4.2200000e+02   4.5700000e+02
   3.4000000e+01   4.4100000e+02   4.8900000e+02   4.2900000e+02   4.6700000e+02
   3.5000000e+01   4.4000000e+02   4.8600000e+02   4.2400000e+02   4.6200000e+02
   3.6000000e+01   4.3600000e+02   4.8700000e+02   4.2300000e+02   4.5900000e+02
   3.7000000e+01   4.3600000e+02   4.8600000e+02   4.2500000e+02   4.6300000e+02
