   1.0000000e+01   5.9700000e+02   6.5600000e+02   1.4100000e+02   2.9700000e+02
   1.0000000e+01   6.4000000e+02   7.0400000e+02   1.7300000e+02   2.6800000e+02
   1.1000000e+01   6.0000000e+02   6.8100000e+02   7.8000000e+01   3.0000000e+02
   1.1000000e+01   6.7600000e+02   7.5800000e+02   1.8200000e+02   2.5400000e+02
   1.2000000e+01   5.8400000e+02   6.5800000e+02   5.1000000e+01   3.0200000e+02
   1.2000000e+01   6.5600000e+02   7.6400000e+02   1.4100000e+02   2.2100000e+02
   1.3000000e+01   5.5900000e+02   6.3400000e+02   8.0000000e+00   3.0600000e+02
   1.3000000e+01   6.4400000e+02   7.5200000e+02   1.0900000e+02   1.9200000e+02
   1.4000000e+01   5.4700000e+02   6.0800000e+02   4.0000000e+00   3.1300000e+02
   1.4000000e+01   6.1700000e+02   7.3200000e+02   9.2000000e+01   2.1400000e+02
   1.5000000e+01   5.3500000e+02   5.9000000e+02   8.0000000e+00   3.1600000e+02
   1.5000000e+01   6.0100000e+02   7.0400000e+02   8.8000000e+01   1.9000000e+02
   1.6000000e+01   5.1700000e+02   5.7000000e+02   6.0000000e+00   3.3300000e+02
   1.6000000e+01   5.8000000e+02   6.8200000e+02   9.8000000e+01   1.9600000e+02
   1.7000000e+01   5.0100000e+02   5.5700000e+02   1.8000000e+01   3.6000000e+02
   1.7000000e+01   5.6800000e+02   6.7300000e+02   1.1100000e+02   1.8700000e+02
   1.8000000e+01   4.8100000e+02   5.5100000e+02   1.8000000e+01   3.8600000e+02
   1.8000000e+01   5.5400000e+02   6.5100000e+02   1.2600000e+02   2.2600000e+02
   1.9000000e+01   4.6600000e+02   5.3800000e+02   8.6000000e+01   4.2000000e+02
   1.9000000e+01   5.3400000e+02   6.3600000e+02   1.5800000e+02   2.3500000e+02
   2.0000000e+01   4.6000000e+02   5.2400000e+02   1.2900000e+02   4.5900000e+02
   2.0000000e+01   5.1800000e+02   6.1900000e+02   1.9300000e+02   2.9900000e+02
   2.1000000e+01   4.4400000e+02   5.1900000e+02   1.7800000e+02   3.8500000e+02
   2.1000000e+01   5.1200000e+02   5.9600000e+02   2.4500000e+02   3.0700000e+02
